4400,19
4400,20
4400,23
4400,25
4400,26
4400,58
4400,59
4400,139
4400,151
4400,166
4400,181
4400,187
4400,189
4400,194
4400,195
4400,196
4400,197
4400,211
4400,216
4400,218
4400,222
4400,224
4400,225
4400,226
4400,294
4400,301
4400,303
4400,304
4400,310
4400,314
4400,333
4400,334
4400,344
4400,349
4400,350
4400,358
4400,378
4400,379
4400,380
4400,381
4400,382
4400,383
4400,384
4400,385
4400,386
4400,393
4400,394
4400,397
4400,421
4400,430
4400,439
4400,460
4400,461
4400,462
4400,463
4400,514
4400,517
4400,521
4400,523
4400,524
4400,525
4400,541
4400,547
4400,557
4400,562
4400,563
4400,576
4400,579
4400,580
4400,581
4400,584
4400,585
4400,586
4400,588
4400,599
4400,602
4400,622
4400,635
4400,637
4400,638
4400,645
4400,646
4400,653
4400,654
4400,655
4400,661
4400,665
4400,666
4400,692
4400,705
4400,706
4400,707
4400,714
4400,768
4400,770
4400,771
4400,772
4400,785
4400,793
4400,812
4400,838
4400,844
4400,846
4400,848
4400,855
4400,871
4400,872
4400,873
4400,874
4400,881
4400,897
4400,898
4400,899
4400,900
4400,901
4400,902
4400,904
4400,909
4400,914
4400,915
4400,916
4400,918
4400,945
4400,947
4400,954
4400,955
4400,956
4400,957
4400,958
4400,960
4400,962
4400,971
4400,972
4400,981
4400,982
4400,986
4400,987
4400,988
4400,989
4400,993
4400,996
4400,997
4400,1005
4400,1006
4400,1007
4400,1015
4400,1017
4400,1022
4400,1026
4400,1027
4400,1031
4400,1032
4400,1033
4400,1034
4400,1042
4400,1057
4400,1058
4400,1059
4400,1063
4400,1064
4400,1065
4400,1066
4400,1067
4400,1074
4400,1075
4400,1080
4400,1081
4400,1102
4400,1103
4400,1109
4400,1111
4400,1114
4400,1115
4400,1117
4400,1120
4400,1121
4400,1129
4400,1131
4400,1132
4400,1191
4400,1213
4400,1215
4400,1216
4400,1232
4400,1236
4400,1237
4400,1238
4400,1241
4400,1249
4400,1250
4400,1256
4400,1257
4400,1260
4400,1261
4400,1275
4400,1281
4400,1283
4400,1284
4400,1297
4400,1298
4400,1299
4400,1300
4400,1308
4400,1334
4400,1339
4400,1340
4400,1341
4400,1351
4400,1360
4400,1361
4400,1362
4400,1401
4400,1402
4400,1405
4400,1406
4400,1407
4400,1410
4400,1412
4400,1413
4400,1414
4400,1415
4400,1416
4400,1417
4400,1418
4400,1419
4400,1421
4400,1423
4400,1426
4400,1428
4400,1429
4400,1430
4400,1431
4400,1432
4400,1450
4400,1466
4400,1476
4400,1478
4400,1483
4400,1494
4400,1497
4400,1501
4400,1503
4400,1511
4400,1521
4400,1522
4400,1523
4400,1524
4400,1528
4400,1530
4400,1533
4400,1541
4400,1546
4400,1549
4400,1550
4400,1551
4400,1552
4400,1554
4400,1564
4400,1565
4400,1567
4400,1568
4400,1569
4400,1570
4400,1571
4400,1572
4400,1573
4400,1575
4400,1577
4400,1581
4400,1583
4400,1584
4400,1585
4400,1586
4400,1607
4400,1613
4400,1614
4400,1615
4400,1619
4400,1620
4400,1621
4400,1622
4400,1623
4400,1624
4400,1644
4400,1646
4400,1649
4400,1655
4400,1656
4400,1657
4400,1658
4400,1660
4400,1661
4400,1662
4400,1663
4400,1664
4400,1677
4400,1678
4400,1679
4400,1680
4400,1681
4400,1682
4400,1690
4400,1694
4400,1698
4400,1708
4400,1709
4400,1711
4400,1712
4400,1714
4400,1715
4400,1718
4400,1720
4400,1727
4400,1729
4400,1738
4400,1742
4400,1743
4400,1746
4400,1747
4400,1755
4400,1768
4400,1770
4400,1771
4400,1772
4400,1787
4400,1804
4400,1806
4400,1810
4400,1811
4400,1812
4400,1814
4400,1817
4400,1821
4400,1823
4400,1849
4400,1851
4400,1859
4400,1866
4400,1868
4400,1869
4400,1873
4400,1874
4400,1876
4400,1878
4400,1879
4400,1891
4400,1892
4400,1894
4400,1896
4400,1897
4400,1898
4400,1899
4400,1901
4400,1902
4400,1903
4400,1904
4400,1906
4400,1907
4400,1908
4400,1910
4400,1911
4400,1917
4400,1919
4400,1920
4400,1921
4400,1925
4400,1927
4400,1928
4400,1931
4400,1933
4400,1937
4400,1938
4400,1942
4400,1947
4400,1949
4400,1950
4400,1953
4400,1954
4400,1955
4400,1956
4400,1957
4400,1958
4400,1959
4400,1960
4400,1969
4400,1970
4400,1971
4400,1977
4400,1978
4400,1980
4400,1981
4400,1987
4400,1988
4400,1989
4400,1990
4400,1991
4400,1993
4400,1998
4400,2001
4400,2002
4400,2003
4400,2006
4400,2007
4400,2010
4400,2017
4400,2021
4400,2022
4400,2027
4400,2032
4400,2034
4400,2035
4400,2036
4400,2037
4400,2039
4400,2040
4400,2045
4400,2048
4400,2056
4400,2057
4400,2066
4400,2068
4400,2072
4400,2073
4400,2081
4400,2095
4400,2096
4400,2098
4400,2101
4400,2102
4400,2103
4400,2108
4400,2114
4400,2115
4400,2116
4400,2117
4400,2133
4400,2134
4400,2135
4400,2136
4400,2143
4400,2145
4400,2149
4400,2150
4400,2156
4400,2158
4400,2172
4400,2176
4400,2178
4400,2182
4400,2183
4400,2190
4400,2193
4400,2194
4400,2195
4400,2196
4400,2198
4400,2200
4400,2201
4400,2206
4400,2207
4400,2212
4400,2215
4400,2216
4400,2217
4400,2223
4400,2224
4400,2225
4400,2226
4400,2230
4400,2233
4400,2237
4400,2242
4400,2244
4400,2246
4400,2247
4400,2248
4400,2251
4400,2252
4400,2253
4400,2254
4400,2255
4400,2257
4400,2258
4400,2262
4400,2264
4400,2269
4400,2270
4400,2275
4400,2276
4400,2277
4400,2288
4400,2289
4400,2290
4400,2291
4400,2294
4400,2295
4400,2296
4400,2303
4400,2304
4400,2305
4400,2306
4400,2307
4400,2308
4400,2309
4400,2318
4400,2319
4400,2320
4400,2321
4400,2322
4400,2323
4400,2326
4400,2327
4400,2332
4400,2333
4400,2339
4400,2340
4400,2347
4400,2358
4400,2359
4400,2361
4400,2365
4400,2366
4400,2367
4400,2370
4400,2371
4400,2385
4400,2388
4400,2391
4400,2393
4400,2394
4400,2395
4400,2396
4400,2397
4400,2398
4400,2402
4400,2403
4400,2404
4400,2405
4400,2406
4400,2410
4400,2411
4400,2412
4400,2413
4400,2414
4400,2415
4400,2420
4400,2422
4400,2443
4400,2445
4400,2448
4400,2450
4400,2452
4400,2453
4400,2454
4400,2456
4400,2457
4400,2458
4400,2459
4400,2463
4400,2464
4400,2482
4400,2487
4400,2489
4400,2490
4400,2495
4400,2497
4400,2499
4400,2500
4400,2519
4400,2527
4400,2530
4400,2532
4400,2535
4400,2552
4400,2553
4400,2556
4400,2558
4400,2559
4400,2560
4400,2561
4400,2562
4400,2564
4400,2565
4400,2569
4400,2570
4400,2571
4400,2572
4400,2573
4400,2591
4400,2609
4400,2612
4400,2613
4400,2635
4400,2637
4400,2638
4400,2639
4400,2641
4400,2642
4400,2643
4400,2644
4400,2645
4400,2646
4400,2647
4400,2649
4400,2651
4400,2660
4400,2664
4400,2667
4400,2669
4400,2675
4400,2677
4400,2691
4400,2692
4400,2697
4400,2704
4400,2705
4400,2706
4400,2707
4400,2714
4400,2715
4400,2716
4400,2721
4400,2728
4400,2734
4400,2735
4400,2737
4400,2739
4400,2755
4400,2758
4400,2763
4400,2764
4400,2765
4400,2767
4400,2772
4400,2773
4400,2774
4400,2776
4400,2778
4400,2783
4400,2784
4400,2787
4400,2791
4400,2792
4400,2796
4400,2797
4400,2798
4400,2799
4400,2800
4400,2807
4400,2808
4400,2809
4400,2812
4400,2817
4400,2819
4400,2820
4400,2828
4400,2831
4400,2835
4400,2836
4400,2838
4400,2844
4400,2846
4400,2847
4400,2853
4400,2854
4400,2863
4400,2864
4400,2873
4400,2876
4400,2877
4400,2878
4400,2879
4400,2880
4400,2883
4400,2892
4400,2900
4400,2908
4400,2912
4400,2917
4400,2919
4400,2921
4400,2922
4400,2924
4400,2931
4400,2944
4400,2949
4400,2960
4400,2961
4400,2962
4400,2963
4400,2964
4400,2965
4400,2967
4400,2968
4400,2969
4400,2970
4400,2971
4400,2975
4400,2985
4400,2990
4400,2994
4400,2999
4400,3011
4400,3012
4400,3022
4400,3024
4400,3027
4400,3029
4400,3030
4400,3031
4400,3033
4400,3044
4400,3045
4400,3060
4400,3063
4400,3064
4400,3074
4400,3075
4400,3077
4400,3078
4400,3080
4400,3083
4400,3084
4400,3085
4400,3086
4400,3087
4400,3094
4400,3095
4400,3096
4400,3098
4400,3100
4400,3101
4400,3102
4400,3103
4400,3113
4400,3115
4400,3116
4400,3117
4400,3118
4400,3119
4400,3120
4400,3125
4400,3126
4400,3131
4400,3133
4400,3137
4400,3138
4400,3139
4400,3142
4400,3159
4400,3179
4400,3191
4400,3192
4400,3200
4400,3202
4400,3203
4400,3204
4400,3205
4400,3206
4400,3209
4400,3210
4400,3215
4400,3216
4400,3217
4400,3219
4400,3220
4400,3221
4400,3222
4400,3234
4400,3235
4400,3243
4400,3245
4400,3251
4400,3253
4400,3254
4400,3255
4400,3256
4400,3258
4400,3259
4400,3267
4400,3268
4400,3269
4400,3270
4400,3272
4400,3273
4400,3278
4400,3280
4400,3281
4400,3286
4400,3310
4400,3311
4400,3312
4400,3313
4400,3329
4400,3330
4400,3334
4400,3335
4400,3354
4400,3357
4400,3360
4400,3362
4400,3368
4400,3369
4400,3370
4400,3371
4400,3372
4400,3375
4400,3386
4400,3392
4400,3395
4400,3396
4400,3397
4400,3406
4400,3412
4400,3413
4400,3414
4400,3415
4400,3418
4400,3419
4400,3420
4400,3423
4400,3427
4400,3429
4400,3430
4400,3433
4400,3434
4400,3435
4400,3436
4400,3469
4400,3470
4400,3471
4400,3472
4400,3473
4400,3474
4400,3476
4400,3478
4400,3484
4400,3485
4400,3486
4400,3488
4400,3492
4400,3493
4400,3503
4400,3506
4400,3511
4400,3513
4400,3514
4400,3516
4400,3517
4400,3518
4400,3519
4400,3523
4400,3524
4400,3527
4400,3535
4400,3536
4400,3541
4400,3543
4400,3545
4400,3547
4400,3553
4400,3554
4400,3555
4400,3556
4400,3559
4400,3572
4400,3591
4400,3593
4400,3599
4400,3602
4400,3606
4400,3607
4400,3612
4400,3619
4400,3621
4400,3622
4400,3627
4400,3632
4400,3634
4400,3641
4400,3642
4400,3649
4400,3656
4400,3657
4400,3658
4400,3659
4400,3665
4400,3667
4400,3676
4400,3686
4400,3688
4400,3694
4400,3695
4400,3696
4400,3697
4400,3698
4400,3701
4400,3702
4400,3703
4400,3705
4400,3706
4400,3707
4400,3708
4400,3712
4400,3713
4400,3714
4400,3716
4400,3720
4400,3723
4400,3727
4400,3728
4400,3729
4400,3742
4400,3750
4400,3756
4400,3765
4400,3766
4400,3767
4400,3772
4400,3773
4400,3774
4400,3775
4400,3785
4400,3788
4400,3794
4400,3795
4400,3796
4400,3800
4400,3807
4400,3809
4400,3821
4400,3822
4400,3823
4400,3825
4400,3834
4400,3835
4400,3844
4400,3846
4400,3849
4400,3850
4400,3851
4400,3859
4400,3860
4400,3866
4400,3867
4400,3874
4400,3876
4400,3877
4400,3892
4400,3893
4400,3894
4400,3901
4400,3902
4400,3904
4400,3906
4400,3907
4400,3912
4400,3918
4400,3921
4400,3922
4400,3923
4400,3931
4400,3943
4400,3951
4400,3954
4400,3955
4400,3977
4400,3978
4400,3979
4400,3980
4400,3986
4400,3988
4400,3989
4400,3990
4400,3991
4400,3992
4400,3993
4400,3994
4400,3995
4400,3996
4400,3997
4400,4004
4400,4011
4400,4013
4400,4014
4400,4015
4400,4017
4400,4020
4400,4021
4400,4022
4400,4023
4400,4025
4400,4031
4400,4032
4400,4033
4400,4048
4400,4050
4400,4051
4400,4052
4400,4053
4400,4056
4400,4059
4400,4060
4400,4061
4400,4062
4400,4063
4400,4071
4400,4072
4400,4079
4400,4088
4400,4091
4400,4118
4400,4133
4400,4134
4400,4135
4400,4136
4400,4137
4400,4139
4400,4141
4400,4142
4400,4144
4400,4145
4400,4146
4400,4147
4400,4166
4400,4181
4400,4187
4400,4188
4400,4200
4400,4204
4400,4206
4400,4210
4400,4212
4400,4214
4400,4215
4400,4216
4400,4222
4400,4223
4400,4229
4400,4230
4400,4232
4400,4236
4400,4238
4400,4239
4400,4241
4400,4242
4400,4245
4400,4246
4400,4247
4400,4248
4400,4249
4400,4250
4400,4251
4400,4252
4400,4258
4400,4260
4400,4262
4400,4263
4400,4271
4400,4272
4400,4273
4400,4278
4400,4279
4400,4283
4400,4284
4400,4288
4400,4289
4400,4296
4400,4297
4400,4298
4400,4302
4400,4307
4400,4308
4400,4309
4400,4310
4400,4311
4400,4312
4400,4313
4400,4314
4400,4315
4400,4316
4400,4317
4400,4321
4400,4323
4400,4328
4400,4330
4400,4331
4400,4332
4400,4333
4400,4336
4400,4338
4400,4339
4400,4340
4400,4341
4400,4342
4400,4345
4400,4347
4400,4348
4400,4349
4400,4352
4400,4353
4400,4354
4400,4356
4400,4357
4400,4358
4400,4359
4400,4360
4400,4361
4400,4362
4400,4363
4400,4364
4400,4365
4400,4366
4400,4367
4400,4368
4400,4369
4400,4373
4400,4376
4400,4379
4400,4385
4400,4388
4400,4389
4400,4390
4400,4391
4400,4392
4400,4394
4400,4395
4400,4396
4400,4416
4400,4418
4400,4419
4400,4430
4400,4433
4400,4452
4400,4454
4400,4456
4400,4457
4400,4458
4400,4459
4400,4460
4400,4461
4400,4469
4400,4470
4400,4486
4400,4488
4400,4489
4400,4494
4400,4499
4400,4500
4400,4502
4400,4503
4400,4505
4400,4506
4400,4507
4400,4508
4400,4514
4400,4516
4400,4522
4400,4523
4400,4525
4400,4526
4400,4527
4400,4530
4400,4531
4400,4533
4400,4534
4400,4537
4400,4539
4400,4541
4400,4542
4400,4544
4400,4557
4400,4558
4400,4560
4400,4567
4400,4569
4400,4570
4400,4571
4400,4573
4400,4574
4400,4575
4400,4576
4400,4578
4400,4584
4400,4590
4400,4591
4400,4592
4400,4596
4400,4614
4400,4616
4400,4618
4400,4619
4400,4630
4400,4648
4400,4671
4400,4672
4400,4674
4400,4677
4400,4682
4400,4685
4400,4686
4400,4688
4400,4689
4400,4690
4400,4691
4400,4692
4400,4693
4400,4695
4400,4696
4400,4699
4400,4700
4400,4701
4400,4706
4400,4709
4400,4711
4400,4712
4400,4714
4400,4715
4400,4716
4400,4717
4400,4718
4400,4719
4400,4721
4400,4725
4400,4726
4400,4727
4400,4728
4400,4729
4400,4733
4400,4734
4400,4735
4400,4736
4400,4738
4400,4739
4400,4740
4400,4741
4400,4742
4400,4743
4400,4744
4400,4745
4400,4746
4400,4748
4400,4749
4400,4750
4400,4757
4400,4758
4400,4765
4400,4769
4400,4776
4400,4782
4400,4783
4400,4789
4400,4790
4400,4800
4400,4801
4400,4802
4400,4805
4400,4807
4400,4808
4400,4812
4400,4815
4400,4817
4400,4819
4400,4830
4400,4831
4400,4839
4400,4843
4400,4846
4400,4847
4400,4848
4400,4849
4400,4853
4400,4858
4400,4859
4400,4860
4400,4867
4400,4869
4400,4870
4400,4873
4400,4874
4400,4875
4400,4876
4400,4890
4400,4891
4400,4892
4400,4893
4400,4895
4400,4896
4400,4900
4400,4901
4400,4903
4400,4904
4400,4905
4400,4906
4400,4907
4400,4908
4400,4909
4400,4910
4400,4911
4400,4914
4400,4916
4400,4917
4400,4924
4400,4925
4400,4928
4400,4930
4400,4931
4400,4935
4400,4941
4400,4951
4400,4952
4400,4953
4400,4954
4400,4955
4400,4967
4400,4968
4400,4969
4400,4970
4400,4974
4400,4975
4400,4982
4400,4987
4400,4988
4400,4991
4400,4993
4400,4994
4400,4995
4400,5002
4400,5005
4400,5006
4400,5007
4400,5008
4400,5011
4400,5012
4400,5013
4400,5014
4400,5019
4400,5021
4400,5024
4400,5035
4400,5036
4400,5037
4400,5038
4400,5039
4400,5040
4400,5041
4400,5042
4400,5045
4400,5046
4400,5049
4400,5050
4400,5051
4400,5052
4400,5053
4400,5055
4400,5056
4400,5057
4400,5058
4400,5076
4400,5077
4400,5081
4400,5089
4400,5090
4400,5096
4400,5098
4400,5100
4400,5101
4400,5102
4400,5103
4400,5104
4400,5105
4400,5106
4400,5107
4400,5109
4400,5110
4400,5112
4400,5114
4400,5115
4400,5117
4400,5121
4400,5123
4400,5126
4400,5127
4400,5128
4400,5133
4400,5134
4400,5137
4400,5138
4400,5140
4400,5143
4400,5156
4400,5173
4400,5174
4400,5175
4400,5187
4400,5189
4400,5190
4400,5191
4400,5192
4400,5194
4400,5197
4400,5198
4400,5200
4400,5201
4400,5202
4400,5209
4400,5211
4400,5212
4400,5215
4400,5216
4400,5217
4400,5218
4400,5222
4400,5224
4400,5231
4400,5244
4400,5246
4400,5247
4400,5248
4400,5249
4400,5253
4400,5256
4400,5258
4400,5259
4400,5263
4400,5264
4400,5266
4400,5268
4400,5269
4400,5278
4400,5282
4400,5285
4400,5286
4400,5287
4400,5293
4400,5295
4400,5298
4400,5299
4400,5300
4400,5301
4400,5305
4400,5306
4400,5307
4400,5308
4400,5309
4400,5311
4400,5313
4400,5314
4400,5315
4400,5316
4400,5325
4400,5327
4400,5328
4400,5331
4400,5333
4400,5334
4400,5336
4400,5340
4400,5341
4400,5354
4400,5355
4400,5359
4400,5360
4400,5361
4400,5364
4400,5365
4400,5367
4400,5368
4400,5369
4400,5370
4400,5371
4400,5372
4400,5376
4400,5379
4400,5380
4400,5384
4400,5386
4400,5388
4400,5391
4400,5392
4400,5393
4400,5394
4400,5395
4400,5396
4400,5397
4400,5398
4400,5402
4400,5404
4400,5406
4400,5407
4400,5409
4400,5410
4400,5411
4400,5412
4400,5421
4400,5422
4400,5423
4400,5424
4400,5425
4400,5439
4400,5440
4400,5441
4400,5452
4400,5453
4400,5454
4400,5456
4400,5457
4400,5458
4400,5461
4400,5465
4400,5467
4400,5468
4400,5473
4400,5476
4400,5485
4400,5486
4400,5487
4400,5489
4400,5492
4400,5493
4400,5494
4400,5495
4400,5496
4400,5497
4400,5498
4400,5499
4400,5503
4400,5504
4400,5505
4400,5506
4400,5514
4400,5515
4400,5516
4400,5534
4400,5535
4400,5536
4400,5539
4400,5542
4400,5543
4400,5545
4400,5546
4400,5547
4400,5549
4400,5550
4400,5552
4400,5553
4400,5554
4400,5564
4400,5565
4400,5566
4400,5571
4400,5578
4400,5579
4400,5582
4400,5586
4400,5588
4400,5589
4400,5590
4400,5597
4400,5598
4400,5600
4400,5601
4400,5602
4400,5605
4400,5606
4400,5607
4400,5609
4400,5610
4400,5611
4400,5612
4400,5613
4400,5614
4400,5615
4400,5616
4400,5618
4400,5624
4400,5625
4400,5632
4400,5633
4400,5634
4400,5640
4400,5641
4400,5642
4400,5644
4400,5645
4400,5647
4400,5649
4400,5651
4400,5653
4400,5654
4400,5656
4400,5662
4400,5663
4400,5664
4400,5665
4400,5666
4400,5667
4400,5670
4400,5671
4400,5672
4400,5673
4400,5674
4400,5677
4400,5679
4400,5680
4400,5681
4400,5684
4400,5686
4400,5687
4400,5688
4400,5690
4400,5692
4400,5693
4400,5694
4400,5695
4400,5697
4400,5700
4400,5701
4400,5704
4400,5705
4400,5708
4400,5709
4400,5710
4400,5711
4400,5712
4400,5713
4400,5715
4400,5716
4400,5717
4400,5718
4400,5719
4400,5720
4400,5721
4400,5722
4400,5725
4400,5726
4400,5727
4400,5728
4400,5729
4400,5730
4400,5733
4400,5734
4400,5735
4400,5737
4400,5744
4400,5746
4400,5748
4400,5750
4400,5751
4400,5752
4400,5753
4400,5755
4400,5756
4400,5757
4400,5759
4400,5760
4400,5761
4400,5762
4400,5763
4400,5768
4400,5769
4400,5770
4400,5771
4400,5774
4400,5785
4400,5790
4400,5793
4400,5794
4400,5800
4400,5803
4400,5804
4400,5808
4400,5809
4400,5810
4400,5812
4400,5813
4400,5814
4400,5815
4400,5817
4400,5818
4400,5819
4400,5820
4400,5821
4400,5823
4400,5825
4400,5828
4400,5829
4400,5835
4400,5842
4400,5845
4400,5846
4400,5847
4400,5853
4400,5854
4400,5855
4400,5856
4400,5859
4400,5860
4400,5862
4400,5863
4400,5864
4400,5866
4400,5867
4400,5868
4400,5873
4400,5879
4400,5881
4400,5882
4400,5884
4400,5885
4400,5886
4400,5887
4400,5888
4400,5890
4400,5891
4400,5901
4400,5903
4400,5911
4400,5912
4400,5919
4400,5921
4400,5926
4400,5952
4400,5958
4400,5960
4400,5962
4400,5981
4400,5983
4400,5984
4400,5985
4400,5989
4400,6002
4400,6003
4400,6006
4400,6009
4400,6010
4400,6017
4400,6018
4400,6023
4400,6036
4400,6037
4400,6042
4400,6043
4400,6044
4400,6046
4400,6049
4400,6050
4400,6054
4400,6055
4400,6056
4400,6057
4400,6058
4400,6059
4400,6060
4400,6061
4400,6062
4400,6064
4400,6065
4400,6066
4400,6067
4400,6068
4400,6070
4400,6071
4400,6072
4400,6073
4400,6075
4400,6079
4400,6096
4400,6097
4400,6098
4400,6101
4400,6105
4400,6106
4400,6107
4400,6108
4400,6109
4400,6110
4400,6128
4400,6133
4400,6135
4400,6136
4400,6137
4400,6138
4400,6154
4400,6156
4400,6157
4400,6158
4400,6159
4400,6160
4400,6162
4400,6164
4400,6165
4400,6166
4400,6185
4400,6186
4400,6194
4400,6196
4400,6199
4400,6201
4400,6205
4400,6206
4400,6207
4400,6210
4400,6211
4400,6212
4400,6213
4400,6214
4400,6216
4400,6217
4400,6219
4400,6221
4400,6222
4400,6223
4400,6224
4400,6227
4400,6229
4400,6234
4400,6249
4400,6250
4400,6256
4400,6258
4400,6261
4400,6262
4400,6266
4400,6268
4400,6297
4400,6299
4400,6300
4400,6303
4400,6305
4400,6307
4400,6308
4400,6309
4400,6310
4400,6313
4400,6314
4400,6315
4400,6317
4400,6318
4400,6319
4400,6320
4400,6321
4400,6322
4400,6323
4400,6328
4400,6330
4400,6331
4400,6332
4400,6340
4400,6341
4400,6342
4400,6343
4400,6344
4400,6346
4400,6347
4400,6348
4400,6349
4400,6351
4400,6352
4400,6354
4400,6355
4400,6356
4400,6358
4400,6359
4400,6360
4400,6361
4400,6362
4400,6373
4400,6375
4400,6376
4400,6378
4400,6382
4400,6391
4400,6392
4400,6393
4400,6405
4400,6406
4400,6413
4400,6414
4400,6415
4400,6418
4400,6420
4400,6422
4400,6430
4400,6432
4400,6436
4400,6438
4400,6439
4400,6440
4400,6441
4400,6442
4400,6443
4400,6445
4400,6446
4400,6448
4400,6450
4400,6451
4400,6452
4400,6454
4400,6455
4400,6457
4400,6461
4400,6462
4400,6464
4400,6465
4400,6466
4400,6467
4400,6469
4400,6471
4400,6472
4400,6474
4400,6475
4400,6479
4400,6481
4400,6483
4400,6484
4400,6488
4400,6489
4400,6490
4400,6491
4400,6492
4400,6493
4400,6498
4400,6499
4400,6501
4400,6502
4400,6503
4400,6505
4400,6506
4400,6509
4400,6510
4400,6520
4400,6521
4400,6522
4400,6523
4400,6524
4400,6525
4400,6526
4400,6527
4400,6530
4400,6531
4400,6546
4400,6550
4400,6551
4400,6552
4400,6553
4400,6556
4400,6557
4400,6558
4400,6559
4400,6560
4400,6563
4400,6564
4400,6565
4400,6570
4400,6572
4400,6573
4400,6574
4400,6578
4400,6580
4400,6581
4400,6582
4400,6583
4400,6584
4400,6585
4400,6586
4400,6591
4400,6601
4400,6604
4400,6605
4400,6606
4400,6610
4400,6613
4400,6614
4400,6615
4400,6616
4400,6629
4400,6630
4400,6632
4400,6634
4400,6636
4400,6637
4400,6646
4400,6648
4400,6649
4400,6658
4400,6671
4400,6672
4400,6679
4400,6683
4400,6693
4400,6697
4400,6701
4400,6703
4400,6704
4400,6705
4400,6709
4400,6710
4400,6712
4400,6713
4400,6715
4400,6716
4400,6717
4400,6718
4400,6719
4400,6721
4400,6722
4400,6723
4400,6725
4400,6726
4400,6727
4400,6728
4400,6729
4400,6730
4400,6731
4400,6732
4400,6733
4400,6734
4400,6735
4400,6736
4400,6737
4400,6748
4400,6749
4400,6755
4400,6758
4400,6759
4400,6760
4400,6762
4400,6765
4400,6770
4400,6772
4400,6774
4400,6775
4400,6779
4400,6782
4400,6784
4400,6788
4400,6789
4400,6790
4400,6792
4400,6793
4400,6794
4400,6795
4400,6802
4400,6803
4400,6804
4400,6808
4400,6809
4400,6814
4400,6815
4400,6828
4400,6835
4400,6836
4400,6837
4400,6838
4400,6846
4400,6853
4400,6855
4400,6856
4400,6857
4400,6858
4400,6898
4400,6902
4400,6905
4400,6906
4400,6932
4400,6933
4400,6936
4400,6937
4400,6938
4400,6939
4400,6940
4400,6944
4400,6946
4400,6952
4400,6954
4400,6957
4400,6975
4400,6976
4400,6983
4400,6984
4400,6985
4400,6999
4400,7001
4400,7003
4400,7005
4400,7006
4400,7007
4400,7008
4400,7023
4400,7025
4400,7026
4400,7027
4400,7039
4400,7041
4400,7048
4400,7049
4400,7050
4400,7056
4400,7059
4400,7060
4400,7065
4400,7066
4400,7067
4400,7071
4400,7072
4400,7074
4400,7075
4400,7079
4400,7082
4400,7083
4400,7084
4400,7085
4400,7086
4400,7087
4400,7088
4400,7089
4400,7091
4400,7092
4400,7095
4400,7099
4400,7100
4400,7104
4400,7106
4400,7111
4400,7112
4400,7114
4400,7120
4400,7135
4400,7137
4400,7146
4400,7147
4400,7157
4400,7158
4400,7163
4400,7164
4400,7165
4400,7166
4400,7168
4400,7178
4400,7180
4400,7181
4400,7182
4400,7183
4400,7184
4400,7186
4400,7189
4400,7196
4400,7197
4400,7203
4400,7205
4400,7215
4400,7217
4400,7227
4400,7230
4400,7231
4400,7232
4400,7233
4400,7234
4400,7237
4400,7238
4400,7239
4400,7241
4400,7242
4400,7243
4400,7246
4400,7247
4400,7248
4400,7249
4400,7252
4400,7257
4400,7258
4400,7259
4400,7268
4400,7269
4400,7271
4400,7272
4400,7279
4400,7280
4400,7285
4400,7287
4400,7288
4400,7290
4400,7294
4400,7295
4400,7296
4400,7297
4400,7298
4400,7299
4400,7300
4400,7302
4400,7303
4400,7306
4400,7307
4400,7309
4400,7310
4400,7312
4400,7313
4400,7320
4400,7327
4400,7328
4400,7329
4400,7331
4400,7332
4400,7333
4400,7334
4400,7335
4400,7336
4400,7341
4400,7342
4400,7343
4400,7344
4400,7345
4400,7351
4400,7352
4400,7353
4400,7354
4400,7362
4400,7363
4400,7367
4400,7368
4400,7369
4400,7370
4400,7371
4400,7372
4400,7373
4400,7378
4400,7380
4400,7381
4400,7383
4400,7384
4400,7385
4400,7387
4400,7388
4400,7395
4400,7414
4400,7415
4400,7426
4400,7427
4400,7429
4400,7430
4400,7431
4400,7435
4400,7437
4400,7438
4400,7439
4400,7443
4400,7444
4400,7445
4400,7446
4400,7447
4400,7448
4400,7449
4400,7451
4400,7452
4400,7453
4400,7454
4400,7455
4400,7456
4400,7457
4400,7459
4400,7462
4400,7463
4400,7466
4400,7470
4400,7473
4400,7478
4400,7482
4400,7486
4400,7487
4400,7488
4400,7489
4400,7491
4400,7492
4400,7499
4400,7501
4400,7505
4400,7506
4400,7507
4400,7508
4400,7517
4400,7521
4400,7522
4400,7528
4400,7529
4400,7530
4400,7531
4400,7537
4400,7538
4400,7539
4400,7540
4400,7541
4400,7543
4400,7548
4400,7560
4400,7563
4400,7565
4400,7567
4400,7568
4400,7569
4400,7571
4400,7572
4400,7573
4400,7574
4400,7575
4400,7576
4400,7579
4400,7582
4400,7583
4400,7584
4400,7586
4400,7589
4400,7590
4400,7592
4400,7593
4400,7594
4400,7595
4400,7596
4400,7598
4400,7599
4400,7600
4400,7606
4400,7607
4400,7609
4400,7618
4400,7620
4400,7621
4400,7624
4400,7625
4400,7626
4400,7628
4400,7629
4400,7632
4400,7633
4400,7635
4400,7637
4400,7639
4400,7641
4400,7646
4400,7647
4400,7649
4400,7650
4400,7651
4400,7653
4400,7661
4400,7662
4400,7663
4400,7664
4400,7670
4400,7673
4400,7690
4400,7693
4400,7695
4400,7696
4400,7697
4400,7698
4400,7699
4400,7700
4400,7701
4400,7712
4400,7714
4400,7715
4400,7716
4400,7718
4400,7719
4400,7723
4400,7724
4400,7725
4400,7726
4400,7727
4400,7728
4400,7729
4400,7730
4400,7732
4400,7733
4400,7735
4400,7737
4400,7740
4400,7741
4400,7745
4400,7746
4400,7747
4400,7750
4400,7753
4400,7754
4400,7756
4400,7759
4400,7760
4400,7761
4400,7762
4400,7773
4400,7783
4400,7790
4400,7791
4400,7792
4400,7795
4400,7797
4400,7798
4400,7799
4400,7800
4400,7801
4400,7802
4400,7803
4400,7804
4400,7807
4400,7812
4400,7813
4400,7814
4400,7815
4400,7817
4400,7821
4400,7823
4400,7824
4400,7825
4400,7826
4400,7829
4400,7830
4400,7837
4400,7841
4400,7843
4400,7847
4400,7852
4400,7854
4400,7855
4400,7856
4400,7857
4400,7862
4400,7863
4400,7864
4400,7867
4400,7872
4400,7873
4400,7874
4400,7875
4400,7876
4400,7877
4400,7878
4400,7879
4400,7882
4400,7883
4400,7885
4400,7886
4400,7888
4400,7895
4400,7896
4400,7897
4400,7902
4400,7903
4400,7904
4400,7905
4400,7906
4400,7907
4400,7908
4400,7909
4400,7910
4400,7917
4400,7918
4400,7924
4400,7925
4400,7935
4400,7940
4400,7941
4400,7944
4400,7946
4400,7947
4400,7948
4400,7950
4400,7954
4400,7955
4400,7956
4400,7957
4400,7959
4400,7960
4400,7962
4400,7963
4400,7964
4400,7965
4400,7967
4400,7968
4400,7969
4400,7970
4400,7971
4400,7976
4400,7977
4400,7978
4400,7979
4400,7980
4400,7981
4400,7982
4400,7983
4400,7986
4400,7988
4400,7989
4400,7990
4400,7991
4400,7994
4400,7998
4400,7999
4400,8000
4400,8003
4400,8004
4400,8006
4400,8007
4400,8008
4400,8011
4400,8012
4400,8014
4400,8015
4400,8016
4400,8017
4400,8018
4400,8019
4400,8026
4400,8027
4400,8028
4400,8032
4400,8033
4400,8034
4400,8049
4400,8050
4400,8053
4400,8055
4400,8069
4400,8076
4400,8080
4400,8081
4400,8082
4400,8083
4400,8084
4400,8085
4400,8094
4400,8099
4400,8100
4400,8101
4400,8105
4400,8107
4400,8108
4400,8109
4400,8115
4400,8116
4400,8123
4400,8125
4400,8126
4400,8127
4400,8129
4400,8131
4400,8133
4400,8139
4400,8143
4400,8146
4400,8149
4400,8150
4400,8151
4400,8154
4400,8159
4400,8160
4400,8161
4400,8168
4400,8175
4400,8182
4400,8191
4400,8202
4400,8207
4400,8209
4400,8210
4400,8211
4400,8212
4400,8213
4400,8214
4400,8217
4400,8219
4400,8220
4400,8221
4400,8223
4400,8228
4400,8242
4400,8251
4400,8253
4400,8254
4400,8257
4400,8259
4400,8268
4400,8269
4400,8270
4400,8272
4400,8275
4400,8277
4400,8285
4400,8295
4400,8310
4400,8311
4400,8314
4400,8317
4400,8318
4400,8319
4400,8325
4400,8327
4400,8333
4400,8335
4400,8344
4400,8345
4400,8346
4400,8347
4400,8348
4400,8349
4400,8350
4400,8361
4400,8362
4400,8363
4400,8366
4400,8368
4400,8374
4400,8375
4400,8381
4400,8385
4400,8389
4400,8390
4400,8392
4400,8393
4400,8400
4400,8405
4400,8406
4400,8407
4400,8410
4400,8415
4400,8418
4400,8419
4400,8420
4400,8424
4400,8425
4400,8426
4400,8427
4400,8429
4400,8430
4400,8431
4400,8441
4400,8443
4400,8446
4400,8450
4400,8451
4400,8454
4400,8456
4400,8457
4400,8459
4400,8461
4400,8462
4400,8465
4400,8466
4400,8468
4400,8469
4400,8470
4400,8471
4400,8472
4400,8473
4400,8478
4400,8479
4400,8480
4400,8483
4400,8484
4400,8486
4400,8487
4400,8488
4400,8495
4400,8496
4400,8498
4400,8501
4400,8505
4400,8506
4400,8507
4400,8508
4400,8510
4400,8512
4400,8517
4400,8522
4400,8524
4400,8530
4400,8531
4400,8533
4400,8535
4400,8536
4400,8537
4400,8545
4400,8552
4400,8555
4400,8556
4400,8560
4400,8561
4400,8563
4400,8567
4400,8568
4400,8578
4400,8582
4400,8585
4400,8588
4400,8589
4400,8592
4400,8593
4400,8594
4400,8595
4400,8598
4400,8599
4400,8600
4400,8601
4400,8604
4400,8605
4400,8606
4400,8607
4400,8608
4400,8609
4400,8617
4400,8621
4400,8622
4400,8627
4400,8628
4400,8630
4400,8635
4400,8636
4400,8637
4400,8638
4400,8639
4400,8640
4400,8641
4400,8642
4400,8643
4400,8644
4400,8645
4400,8647
4400,8649
4400,8650
4400,8659
4400,8662
4400,8664
4400,8665
4400,8673
4400,8674
4400,8675
4400,8681
4400,8683
4400,8684
4400,8690
4400,8691
4400,8693
